acc-p0: 0.338023088023088 +- 0
acc-all-p: 0.338023088023088 +- 0
